<html>
  <head>
    <!--Load the AJAX API-->
    <script type="text/javascript" src="https://www.gstatic.com/charts/loader.js"></script>
    <script type="text/javascript">


      // Load the Visualization API and the corechart package.
      google.charts.load('current', {packages: ['corechart', 'bar']});

      // Set a callback to run when the Google Visualization API is loaded.
      google.charts.setOnLoadCallback(drawColColors);

      // Callback that creates and populates a data table,
      // instantiates the pie chart, passes in the data and
      // draws it.
      function drawColColors() {

        // Create the data table.
          var data = google.visualization.arrayToDataTable([
['Fiscal Year',
  'No Action Indicated (NAI)',
  'Official Action Indicated (OAI)',
  'Voluntary Action Indicated (VAI)'],
 ['2009', 62.44459597681554, 3.98340720536424, 33.5719968178202],
 ['2010', 60.71478365943208, 4.10837942092299, 35.176836919644934],
 ['2011', 61.16756247793166, 4.59806190905881, 34.23437561300953],
 ['2012', 63.33252603535965, 4.58545249051424, 32.0820214741261],
 ['2013', 63.86995037335931, 5.2687723203933, 30.86127730624739],
 ['2014', 62.09275022013502, 4.8625379121416605, 33.04471186772331],
 ['2015', 62.54707292023279, 4.94938132733408, 32.50354575243312],
 ['2016', 65.20165959089155, 3.6375916634504, 31.16074874565804],
 ['2017', 66.53337010479868, 3.3140283140283096, 30.15260158117301],
 ['2018', 66.54599461617006, 2.3391812865497, 31.11482409728023],
 ['2019', 65.16105904644851, 2.92927741076458, 31.90966354278691],
 ['2020', 62.29116945107399, 3.08187195185223, 34.626958597073774],
 ['2021', 64.67681102874236, 3.6675770581349902, 31.655611913122637],
 ['2022', 74.40907658367476, 0.94547746612039, 24.64544595020485]
          ]);

        // Set chart options
          var options = {
            width: 600,
            isStacked: 'percent',
            height: 400,
            legend: { position: 'top', maxLines: 3 },
            bar: { groupWidth: '75%' },
          };
//         var options_fullStacked = {
//           isStacked: 'percent',
//           height: 300,
//           legend: {position: 'top', maxLines: 3},
//           vAxis: {
//             minValue: 0,
//             ticks: [0, .3, .6, .9, 1]
//           }
//         };
    

        // Instantiate and draw our chart, passing in some options.
          var chart = new google.visualization.ColumnChart(document.getElementById('chart_div'));
          chart.draw(data, options);
      }
      
    </script>
  </head>

  <body>
    <!--Div that will hold the pie chart-->
    <div id="chart_div"></div>
  </body>
</html>